{
 "cells": [
  {
   "cell_type": "markdown",
   "id": "a6e29cce",
   "metadata": {},
   "source": [
    "## Importing relevant libraries"
   ]
  },
  {
   "cell_type": "code",
   "execution_count": 1,
   "id": "940a972d",
   "metadata": {
    "scrolled": false
   },
   "outputs": [
    {
     "name": "stderr",
     "output_type": "stream",
     "text": [
      "C:\\Users\\abc\\anaconda3\\lib\\site-packages\\openfermion\\hamiltonians\\hartree_fock.py:11: DeprecationWarning: Please use `OptimizeResult` from the `scipy.optimize` namespace, the `scipy.optimize.optimize` namespace is deprecated.\n",
      "  from scipy.optimize.optimize import OptimizeResult\n",
      "C:\\Users\\abc\\anaconda3\\lib\\site-packages\\paddle\\tensor\\creation.py:125: DeprecationWarning: `np.object` is a deprecated alias for the builtin `object`. To silence this warning, use `object` by itself. Doing this will not modify any behavior and is safe. \n",
      "Deprecated in NumPy 1.20; for more details and guidance: https://numpy.org/devdocs/release/1.20.0-notes.html#deprecations\n",
      "  if data.dtype == np.object:\n",
      "C:\\Users\\abc\\anaconda3\\lib\\site-packages\\paddle\\tensor\\creation.py:125: DeprecationWarning: `np.object` is a deprecated alias for the builtin `object`. To silence this warning, use `object` by itself. Doing this will not modify any behavior and is safe. \n",
      "Deprecated in NumPy 1.20; for more details and guidance: https://numpy.org/devdocs/release/1.20.0-notes.html#deprecations\n",
      "  if data.dtype == np.object:\n",
      "C:\\Users\\abc\\anaconda3\\lib\\site-packages\\qiskit\\opflow\\operator_globals.py:52: DeprecationWarning: The class ``qiskit.opflow.primitive_ops.pauli_op.PauliOp`` is deprecated as of qiskit-terra 0.24.0. It will be removed no earlier than 3 months after the release date. For code migration guidelines, visit https://qisk.it/opflow_migration.\n",
      "  X = make_immutable(PauliOp(Pauli(\"X\")))\n",
      "C:\\Users\\abc\\anaconda3\\lib\\site-packages\\qiskit\\opflow\\primitive_ops\\pauli_op.py:54: DeprecationWarning: The class ``qiskit.opflow.primitive_ops.primitive_op.PrimitiveOp`` is deprecated as of qiskit-terra 0.24.0. It will be removed no earlier than 3 months after the release date. For code migration guidelines, visit https://qisk.it/opflow_migration.\n",
      "  super().__init__(primitive, coeff=coeff)\n",
      "C:\\Users\\abc\\anaconda3\\lib\\site-packages\\qiskit\\opflow\\primitive_ops\\primitive_op.py:110: DeprecationWarning: The class ``qiskit.opflow.operator_base.OperatorBase`` is deprecated as of qiskit-terra 0.24.0. It will be removed no earlier than 3 months after the release date. For code migration guidelines, visit https://qisk.it/opflow_migration.\n",
      "  super().__init__()\n",
      "C:\\Users\\abc\\anaconda3\\lib\\site-packages\\qiskit\\opflow\\operator_base.py:53: DeprecationWarning: The class ``qiskit.opflow.mixins.star_algebra.StarAlgebraMixin`` is deprecated as of qiskit-terra 0.24.0. It will be removed no earlier than 3 months after the release date. For code migration guidelines, visit https://qisk.it/opflow_migration.\n",
      "  super().__init__()\n",
      "C:\\Users\\abc\\anaconda3\\lib\\site-packages\\qiskit\\opflow\\operator_globals.py:52: DeprecationWarning: The function ``qiskit.opflow.operator_globals.make_immutable()`` is deprecated as of qiskit-terra 0.24.0. It will be removed no earlier than 3 months after the release date. For code migration guidelines, visit https://qisk.it/opflow_migration.\n",
      "  X = make_immutable(PauliOp(Pauli(\"X\")))\n",
      "C:\\Users\\abc\\anaconda3\\lib\\site-packages\\qiskit\\opflow\\operator_globals.py:53: DeprecationWarning: The class ``qiskit.opflow.primitive_ops.pauli_op.PauliOp`` is deprecated as of qiskit-terra 0.24.0. It will be removed no earlier than 3 months after the release date. For code migration guidelines, visit https://qisk.it/opflow_migration.\n",
      "  Y = make_immutable(PauliOp(Pauli(\"Y\")))\n",
      "C:\\Users\\abc\\anaconda3\\lib\\site-packages\\qiskit\\opflow\\operator_globals.py:53: DeprecationWarning: The function ``qiskit.opflow.operator_globals.make_immutable()`` is deprecated as of qiskit-terra 0.24.0. It will be removed no earlier than 3 months after the release date. For code migration guidelines, visit https://qisk.it/opflow_migration.\n",
      "  Y = make_immutable(PauliOp(Pauli(\"Y\")))\n",
      "C:\\Users\\abc\\anaconda3\\lib\\site-packages\\qiskit\\opflow\\operator_globals.py:54: DeprecationWarning: The class ``qiskit.opflow.primitive_ops.pauli_op.PauliOp`` is deprecated as of qiskit-terra 0.24.0. It will be removed no earlier than 3 months after the release date. For code migration guidelines, visit https://qisk.it/opflow_migration.\n",
      "  Z = make_immutable(PauliOp(Pauli(\"Z\")))\n",
      "C:\\Users\\abc\\anaconda3\\lib\\site-packages\\qiskit\\opflow\\operator_globals.py:54: DeprecationWarning: The function ``qiskit.opflow.operator_globals.make_immutable()`` is deprecated as of qiskit-terra 0.24.0. It will be removed no earlier than 3 months after the release date. For code migration guidelines, visit https://qisk.it/opflow_migration.\n",
      "  Z = make_immutable(PauliOp(Pauli(\"Z\")))\n",
      "C:\\Users\\abc\\anaconda3\\lib\\site-packages\\qiskit\\opflow\\operator_globals.py:55: DeprecationWarning: The class ``qiskit.opflow.primitive_ops.pauli_op.PauliOp`` is deprecated as of qiskit-terra 0.24.0. It will be removed no earlier than 3 months after the release date. For code migration guidelines, visit https://qisk.it/opflow_migration.\n",
      "  I = make_immutable(PauliOp(Pauli(\"I\")))\n",
      "C:\\Users\\abc\\anaconda3\\lib\\site-packages\\qiskit\\opflow\\operator_globals.py:55: DeprecationWarning: The function ``qiskit.opflow.operator_globals.make_immutable()`` is deprecated as of qiskit-terra 0.24.0. It will be removed no earlier than 3 months after the release date. For code migration guidelines, visit https://qisk.it/opflow_migration.\n",
      "  I = make_immutable(PauliOp(Pauli(\"I\")))\n",
      "C:\\Users\\abc\\anaconda3\\lib\\site-packages\\qiskit\\opflow\\operator_globals.py:58: DeprecationWarning: The class ``qiskit.opflow.primitive_ops.circuit_op.CircuitOp`` is deprecated as of qiskit-terra 0.24.0. It will be removed no earlier than 3 months after the release date. For code migration guidelines, visit https://qisk.it/opflow_migration.\n",
      "  CX = make_immutable(CircuitOp(CXGate()))\n",
      "C:\\Users\\abc\\anaconda3\\lib\\site-packages\\qiskit\\opflow\\primitive_ops\\circuit_op.py:66: DeprecationWarning: The class ``qiskit.opflow.primitive_ops.primitive_op.PrimitiveOp`` is deprecated as of qiskit-terra 0.24.0. It will be removed no earlier than 3 months after the release date. For code migration guidelines, visit https://qisk.it/opflow_migration.\n",
      "  super().__init__(primitive, coeff)\n",
      "C:\\Users\\abc\\anaconda3\\lib\\site-packages\\qiskit\\opflow\\operator_globals.py:58: DeprecationWarning: The function ``qiskit.opflow.operator_globals.make_immutable()`` is deprecated as of qiskit-terra 0.24.0. It will be removed no earlier than 3 months after the release date. For code migration guidelines, visit https://qisk.it/opflow_migration.\n",
      "  CX = make_immutable(CircuitOp(CXGate()))\n",
      "C:\\Users\\abc\\anaconda3\\lib\\site-packages\\qiskit\\opflow\\operator_globals.py:59: DeprecationWarning: The class ``qiskit.opflow.primitive_ops.circuit_op.CircuitOp`` is deprecated as of qiskit-terra 0.24.0. It will be removed no earlier than 3 months after the release date. For code migration guidelines, visit https://qisk.it/opflow_migration.\n",
      "  S = make_immutable(CircuitOp(SGate()))\n",
      "C:\\Users\\abc\\anaconda3\\lib\\site-packages\\qiskit\\opflow\\operator_globals.py:59: DeprecationWarning: The function ``qiskit.opflow.operator_globals.make_immutable()`` is deprecated as of qiskit-terra 0.24.0. It will be removed no earlier than 3 months after the release date. For code migration guidelines, visit https://qisk.it/opflow_migration.\n",
      "  S = make_immutable(CircuitOp(SGate()))\n",
      "C:\\Users\\abc\\anaconda3\\lib\\site-packages\\qiskit\\opflow\\operator_globals.py:60: DeprecationWarning: The class ``qiskit.opflow.primitive_ops.circuit_op.CircuitOp`` is deprecated as of qiskit-terra 0.24.0. It will be removed no earlier than 3 months after the release date. For code migration guidelines, visit https://qisk.it/opflow_migration.\n",
      "  H = make_immutable(CircuitOp(HGate()))\n",
      "C:\\Users\\abc\\anaconda3\\lib\\site-packages\\qiskit\\opflow\\operator_globals.py:60: DeprecationWarning: The function ``qiskit.opflow.operator_globals.make_immutable()`` is deprecated as of qiskit-terra 0.24.0. It will be removed no earlier than 3 months after the release date. For code migration guidelines, visit https://qisk.it/opflow_migration.\n",
      "  H = make_immutable(CircuitOp(HGate()))\n",
      "C:\\Users\\abc\\anaconda3\\lib\\site-packages\\qiskit\\opflow\\operator_globals.py:61: DeprecationWarning: The class ``qiskit.opflow.primitive_ops.circuit_op.CircuitOp`` is deprecated as of qiskit-terra 0.24.0. It will be removed no earlier than 3 months after the release date. For code migration guidelines, visit https://qisk.it/opflow_migration.\n",
      "  T = make_immutable(CircuitOp(TGate()))\n",
      "C:\\Users\\abc\\anaconda3\\lib\\site-packages\\qiskit\\opflow\\operator_globals.py:61: DeprecationWarning: The function ``qiskit.opflow.operator_globals.make_immutable()`` is deprecated as of qiskit-terra 0.24.0. It will be removed no earlier than 3 months after the release date. For code migration guidelines, visit https://qisk.it/opflow_migration.\n",
      "  T = make_immutable(CircuitOp(TGate()))\n",
      "C:\\Users\\abc\\anaconda3\\lib\\site-packages\\qiskit\\opflow\\operator_globals.py:62: DeprecationWarning: The class ``qiskit.opflow.primitive_ops.circuit_op.CircuitOp`` is deprecated as of qiskit-terra 0.24.0. It will be removed no earlier than 3 months after the release date. For code migration guidelines, visit https://qisk.it/opflow_migration.\n",
      "  Swap = make_immutable(CircuitOp(SwapGate()))\n",
      "C:\\Users\\abc\\anaconda3\\lib\\site-packages\\qiskit\\opflow\\operator_globals.py:62: DeprecationWarning: The function ``qiskit.opflow.operator_globals.make_immutable()`` is deprecated as of qiskit-terra 0.24.0. It will be removed no earlier than 3 months after the release date. For code migration guidelines, visit https://qisk.it/opflow_migration.\n",
      "  Swap = make_immutable(CircuitOp(SwapGate()))\n",
      "C:\\Users\\abc\\anaconda3\\lib\\site-packages\\qiskit\\opflow\\operator_globals.py:63: DeprecationWarning: The class ``qiskit.opflow.primitive_ops.circuit_op.CircuitOp`` is deprecated as of qiskit-terra 0.24.0. It will be removed no earlier than 3 months after the release date. For code migration guidelines, visit https://qisk.it/opflow_migration.\n",
      "  CZ = make_immutable(CircuitOp(CZGate()))\n",
      "C:\\Users\\abc\\anaconda3\\lib\\site-packages\\qiskit\\opflow\\operator_globals.py:63: DeprecationWarning: The function ``qiskit.opflow.operator_globals.make_immutable()`` is deprecated as of qiskit-terra 0.24.0. It will be removed no earlier than 3 months after the release date. For code migration guidelines, visit https://qisk.it/opflow_migration.\n",
      "  CZ = make_immutable(CircuitOp(CZGate()))\n",
      "C:\\Users\\abc\\anaconda3\\lib\\site-packages\\qiskit\\opflow\\operator_globals.py:66: DeprecationWarning: The class ``qiskit.opflow.state_fns.dict_state_fn.DictStateFn`` is deprecated as of qiskit-terra 0.24.0. It will be removed no earlier than 3 months after the release date. For code migration guidelines, visit https://qisk.it/opflow_migration.\n",
      "  Zero = make_immutable(DictStateFn(\"0\"))\n",
      "C:\\Users\\abc\\anaconda3\\lib\\site-packages\\qiskit\\opflow\\state_fns\\dict_state_fn.py:89: DeprecationWarning: The class ``qiskit.opflow.state_fns.state_fn.StateFn`` is deprecated as of qiskit-terra 0.24.0. It will be removed no earlier than 3 months after the release date. For code migration guidelines, visit https://qisk.it/opflow_migration.\n",
      "  super().__init__(primitive, coeff=coeff, is_measurement=is_measurement)\n",
      "C:\\Users\\abc\\anaconda3\\lib\\site-packages\\qiskit\\opflow\\state_fns\\state_fn.py:142: DeprecationWarning: The class ``qiskit.opflow.operator_base.OperatorBase`` is deprecated as of qiskit-terra 0.24.0. It will be removed no earlier than 3 months after the release date. For code migration guidelines, visit https://qisk.it/opflow_migration.\n",
      "  super().__init__()\n",
      "C:\\Users\\abc\\anaconda3\\lib\\site-packages\\qiskit\\opflow\\operator_globals.py:66: DeprecationWarning: The function ``qiskit.opflow.operator_globals.make_immutable()`` is deprecated as of qiskit-terra 0.24.0. It will be removed no earlier than 3 months after the release date. For code migration guidelines, visit https://qisk.it/opflow_migration.\n",
      "  Zero = make_immutable(DictStateFn(\"0\"))\n",
      "C:\\Users\\abc\\anaconda3\\lib\\site-packages\\qiskit\\opflow\\operator_globals.py:67: DeprecationWarning: The class ``qiskit.opflow.state_fns.dict_state_fn.DictStateFn`` is deprecated as of qiskit-terra 0.24.0. It will be removed no earlier than 3 months after the release date. For code migration guidelines, visit https://qisk.it/opflow_migration.\n",
      "  One = make_immutable(DictStateFn(\"1\"))\n",
      "C:\\Users\\abc\\anaconda3\\lib\\site-packages\\qiskit\\opflow\\operator_globals.py:67: DeprecationWarning: The function ``qiskit.opflow.operator_globals.make_immutable()`` is deprecated as of qiskit-terra 0.24.0. It will be removed no earlier than 3 months after the release date. For code migration guidelines, visit https://qisk.it/opflow_migration.\n",
      "  One = make_immutable(DictStateFn(\"1\"))\n",
      "C:\\Users\\abc\\anaconda3\\lib\\site-packages\\qiskit\\opflow\\state_fns\\state_fn.py:250: DeprecationWarning: The class ``qiskit.opflow.state_fns.dict_state_fn.DictStateFn`` is deprecated as of qiskit-terra 0.24.0. It will be removed no earlier than 3 months after the release date. For code migration guidelines, visit https://qisk.it/opflow_migration.\n",
      "  temp = StateFn(\n",
      "C:\\Users\\abc\\anaconda3\\lib\\site-packages\\qiskit\\opflow\\primitive_ops\\circuit_op.py:137: DeprecationWarning: The class ``qiskit.opflow.state_fns.circuit_state_fn.CircuitStateFn`` is deprecated as of qiskit-terra 0.24.0. It will be removed no earlier than 3 months after the release date. For code migration guidelines, visit https://qisk.it/opflow_migration.\n",
      "  return CircuitStateFn(new_self.primitive, coeff=new_self.coeff)\n",
      "C:\\Users\\abc\\anaconda3\\lib\\site-packages\\qiskit\\opflow\\state_fns\\circuit_state_fn.py:83: DeprecationWarning: The class ``qiskit.opflow.state_fns.state_fn.StateFn`` is deprecated as of qiskit-terra 0.24.0. It will be removed no earlier than 3 months after the release date. For code migration guidelines, visit https://qisk.it/opflow_migration.\n",
      "  super().__init__(primitive, coeff=coeff, is_measurement=is_measurement)\n",
      "C:\\Users\\abc\\anaconda3\\lib\\site-packages\\qiskit\\opflow\\operator_globals.py:68: DeprecationWarning: The function ``qiskit.opflow.operator_globals.make_immutable()`` is deprecated as of qiskit-terra 0.24.0. It will be removed no earlier than 3 months after the release date. For code migration guidelines, visit https://qisk.it/opflow_migration.\n",
      "  Plus = make_immutable(H.compose(Zero))\n",
      "C:\\Users\\abc\\anaconda3\\lib\\site-packages\\qiskit\\opflow\\primitive_ops\\primitive_op.py:292: DeprecationWarning: The class ``qiskit.opflow.primitive_ops.circuit_op.CircuitOp`` is deprecated as of qiskit-terra 0.24.0. It will be removed no earlier than 3 months after the release date. For code migration guidelines, visit https://qisk.it/opflow_migration.\n",
      "  return CircuitOp(self.to_circuit(), coeff=self.coeff)\n",
      "C:\\Users\\abc\\anaconda3\\lib\\site-packages\\qiskit\\opflow\\primitive_ops\\circuit_op.py:149: DeprecationWarning: The class ``qiskit.opflow.primitive_ops.circuit_op.CircuitOp`` is deprecated as of qiskit-terra 0.24.0. It will be removed no earlier than 3 months after the release date. For code migration guidelines, visit https://qisk.it/opflow_migration.\n",
      "  return CircuitOp(new_qc, coeff=new_self.coeff * other.coeff)\n",
      "C:\\Users\\abc\\anaconda3\\lib\\site-packages\\qiskit\\opflow\\operator_globals.py:69: DeprecationWarning: The function ``qiskit.opflow.operator_globals.make_immutable()`` is deprecated as of qiskit-terra 0.24.0. It will be removed no earlier than 3 months after the release date. For code migration guidelines, visit https://qisk.it/opflow_migration.\n",
      "  Minus = make_immutable(H.compose(X).compose(Zero))\n",
      "C:\\Users\\abc\\anaconda3\\lib\\site-packages\\qiskit\\algorithms\\evolvers\\evolution_result.py:19: DeprecationWarning: The ``qiskit.opflow`` module is deprecated as of qiskit-terra 0.24.0. It will be removed no earlier than 3 months after the release date. For code migration guidelines, visit https://qisk.it/opflow_migration.\n",
      "  from qiskit.opflow import StateFn, OperatorBase\n",
      "C:\\Users\\abc\\AppData\\Local\\Temp\\ipykernel_16048\\2980440444.py:61: DeprecationWarning: ``qiskit.algorithms`` has been migrated to an independent package: https://github.com/qiskit-community/qiskit-algorithms. The ``qiskit.algorithms`` import path is deprecated as of qiskit-terra 0.25.0 and will be removed no earlier than 3 months after the release date. Please run ``pip install qiskit_algorithms`` and use ``import qiskit_algorithms`` instead.\n",
      "  from qiskit.algorithms.optimizers import *\n"
     ]
    }
   ],
   "source": [
    "import numpy as np\n",
    "import scipy.linalg as la\n",
    "import scipy.spatial as spat\n",
    "from scipy.stats import unitary_group\n",
    "from scipy.stats import moment\n",
    "from scipy.stats import skew, kurtosis\n",
    "from scipy.optimize import curve_fit\n",
    "from scipy.linalg import norm\n",
    "import matplotlib.pyplot as plt\n",
    "import math\n",
    "import itertools\n",
    "from collections import Counter\n",
    "import matplotlib.pyplot as plt\n",
    "from mpl_toolkits.axes_grid1.inset_locator import inset_axes\n",
    "from qiskit import *\n",
    "from qiskit import execute\n",
    "from qiskit import transpiler\n",
    "from qiskit import QuantumCircuit\n",
    "from qiskit.circuit.add_control import add_control\n",
    "from qiskit.extensions import UnitaryGate\n",
    "from qiskit.circuit.reset import Reset\n",
    "from qiskit_ibm_provider import IBMProvider\n",
    "from qiskit.circuit.library.standard_gates import IGate, UGate, U3Gate\n",
    "from qiskit.dagcircuit import DAGOpNode, DAGInNode\n",
    "from qiskit.quantum_info.operators.predicates import matrix_equal\n",
    "from qiskit.quantum_info.synthesis import OneQubitEulerDecomposer\n",
    "from qiskit.transpiler.passes.optimization import Optimize1qGates\n",
    "from qiskit.transpiler.basepasses import TransformationPass\n",
    "from qiskit.transpiler.exceptions import TranspilerError\n",
    "from math import fsum\n",
    "from scipy.optimize import minimize\n",
    "from qiskit.transpiler import PassManager, InstructionDurations\n",
    "from qiskit.converters import circuit_to_dag, dag_to_circuit\n",
    "from qiskit.dagcircuit import DAGCircuit\n",
    "from qiskit.providers.models import BackendConfiguration\n",
    "from qiskit_aer import AerSimulator\n",
    "from qiskit_aer.noise import NoiseModel\n",
    "from qiskit.transpiler.passes import BasisTranslator\n",
    "from qiskit import QuantumCircuit, IBMQ, transpile\n",
    "from qiskit.circuit import Delay\n",
    "from qiskit.circuit.library import XGate, YGate, ZGate, RXGate, RYGate, RZGate\n",
    "from qiskit.transpiler.passes import ALAPSchedule\n",
    "from qiskit.circuit.equivalence_library import SessionEquivalenceLibrary\n",
    "from qiskit.visualization import plot_histogram\n",
    "from qiskit.visualization import timeline_drawer\n",
    "from qiskit.providers.ibmq.managed import IBMQJobManager\n",
    "from qiskit.providers.aer import AerSimulator\n",
    "\n",
    "# Import Paddle libraries\n",
    "import paddle\n",
    "from paddle_quantum.ansatz import Circuit\n",
    "from paddle_quantum.linalg import dagger\n",
    "\n",
    "# Libraries for implementing the VQD algorithm\n",
    "from qiskit.circuit import QuantumCircuit, Parameter\n",
    "from qiskit.primitives import Sampler, Estimator\n",
    "# from qiskit_ibm_runtime import QiskitRuntimeService, Estimator, Sampler, Session, Options\n",
    "from qiskit.quantum_info.operators import Operator\n",
    "from qiskit.quantum_info import SparsePauliOp\n",
    "from qiskit.circuit.library import RealAmplitudes, TwoLocal, EfficientSU2\n",
    "from qiskit.algorithms.optimizers import *\n",
    "from qiskit.algorithms.state_fidelities import ComputeUncompute\n",
    "from qiskit.algorithms.eigensolvers import EigensolverResult, VQD\n",
    "\n",
    "# Import classical optimizers\n",
    "from qiskit_algorithms.optimizers import SPSA, P_BFGS, COBYLA\n",
    "\n",
    "# Import Statevector and SparsePauliOp\n",
    "from qiskit.quantum_info import SparsePauliOp, Statevector\n",
    "\n",
    "# Import a fake backend and Qiskit simulators and/or noise libraries\n",
    "from qiskit.providers.fake_provider import FakeMontreal\n",
    "from qiskit_aer import AerSimulator\n",
    "from qiskit_aer.primitives import Estimator as AerEstimator \n",
    "from qiskit_aer.noise import NoiseModel"
   ]
  },
  {
   "cell_type": "markdown",
   "id": "a8b78c39",
   "metadata": {},
   "source": [
    "## Function to generate the Schlogl operator matrix"
   ]
  },
  {
   "cell_type": "code",
   "execution_count": 2,
   "id": "0d56d9e2",
   "metadata": {},
   "outputs": [],
   "source": [
    "def TridiagA(lambda_func, mu_func, N):\n",
    "    \"\"\"\n",
    "    Creates tridiagonal stochastic matrix for the Schlogl model\n",
    "    Inputs lambda and mu model functions, and N desired size of matrix\n",
    "    Returns stochastic matrix (non-hermitian)\n",
    "    \"\"\"\n",
    "    # initialize diagonals\n",
    "    d1 = np.zeros(N - 1)\n",
    "    d2 = np.zeros(N)\n",
    "    d3 = np.zeros(N - 1)\n",
    "\n",
    "    # element 1,1\n",
    "    d2[0] = -lambda_func(0)\n",
    "\n",
    "    # element N,N\n",
    "    d2[N - 1] = -mu_func(N - 1)\n",
    "\n",
    "    # bottom diagonal elements\n",
    "    for i in range(N - 1):\n",
    "        d1[i] = lambda_func(i)\n",
    "\n",
    "    # top diagonal elements\n",
    "    for i in range(1, N):\n",
    "        d3[i - 1] = mu_func(i)\n",
    "\n",
    "    # main diagonal elements\n",
    "    for i in range(1, N - 1):\n",
    "        d2[i] = -lambda_func(i) - mu_func(i)\n",
    "\n",
    "    # putting the diagonals together\n",
    "    Q = np.diag(d1, k = -1) + np.diag(d2, k = 0) + np.diag(d3, k = 1)\n",
    "    \n",
    "    return Q\n",
    "\n",
    "def get_volume_array(start_V, stop_V, n_operator_qubits):\n",
    "    # Function to generate the initial volume array (to carry out computations)\n",
    "    \n",
    "    num_elements = 2 ** n_operator_qubits\n",
    "    step_size = (stop_V - start_V)/(num_elements - 1)\n",
    "    \n",
    "    # Generate the volume array, given that the step size has been determined\n",
    "    volume_array = np.arange(start_V, stop_V, step_size)\n",
    "    \n",
    "    return volume_array\n",
    "\n",
    "def get_unitary(matrix, add_half = False):\n",
    "    \"\"\"\n",
    "    Purpose: given a matrix, returns the unitary, hermitian matrix to be diagonalized\n",
    "    Input: matrix -> the matrix to be diagonalized\n",
    "    Output: U -> the unitary matrix\n",
    "            nqubits -> the number of qubis needed to represent the basis of U\n",
    "            dimension -> the dimension of the original matrix\n",
    "    \"\"\"\n",
    "    assert matrix.ndim == 2, \"Error: Only a matrix maybe processed\"\n",
    "    assert matrix.shape[0] == matrix.shape[1], \"Error: Only a square matrix maybe processed\"\n",
    "\n",
    "    if np.any(np.transpose(matrix) != matrix):\n",
    "        matrix_T = np.transpose(matrix)\n",
    "        matrix = np.dot(matrix_T, matrix)\n",
    "\n",
    "    ## Finding the dimension of the matrix\n",
    "    dimension_hermitian = matrix.shape[0]\n",
    "\n",
    "    ## Finding the number of qubits required to represent the matrix\n",
    "    nqubits = int(np.ceil(np.log2(dimension_hermitian)))\n",
    "\n",
    "    ## Construct the relevant matrix\n",
    "    op_dim = 2 ** nqubits\n",
    "    op = np.eye(op_dim)\n",
    "    op[0:dimension_hermitian, 0:dimension_hermitian] = np.copy(matrix)\n",
    "\n",
    "    if add_half:\n",
    "        op = op + np.pi * np.eye(op.shape[0])\n",
    "\n",
    "    U = la.expm(1j*op)\n",
    "    \n",
    "    # Get the dimensions of the unitary matrix\n",
    "    dimension = U.shape[0]\n",
    "\n",
    "    return U, nqubits, dimension\n",
    "\n",
    "def find_probability(eigenvector_raw):\n",
    "    \"\"\"\n",
    "    Purpose: Find the probability associated with each basis of an eigenvector\n",
    "    Input: eigenvector_raw -> Numpy array documenting the number of times each basis is detected within the eigenvector\n",
    "    Output: eigenvector_prob -> Numpy array documenting the probability of detecting each basis\n",
    "    \"\"\"\n",
    "    count_total = np.sum(eigenvector_raw)\n",
    "    eigenvector_prob = eigenvector_raw / count_total\n",
    "    \n",
    "    return eigenvector_prob\n",
    "\n",
    "def find_amplitude(eigenvector_prob):\n",
    "    \"\"\"\n",
    "    Purpose: Finding the probability amplitude of each basis using quantum mechanics\n",
    "    Input: eigenvector_prob -> Numpy array documenting the probability that each basis is measured\n",
    "    Output: eigenvector -> Numpy array representing the eigenvector\n",
    "    \"\"\"\n",
    "    eigenvector = np.sqrt(eigenvector_prob)\n",
    "    return eigenvector\n",
    "\n",
    "def normalize_eigenvector(vector):\n",
    "    \"\"\"\n",
    "    Purpose: Normalizes a vector such that its norm is 1\n",
    "    Input: vector -> The vector to be normalized\n",
    "    Output: vector -> The normalized vector\n",
    "    \"\"\"\n",
    "    L2 = np.sum(np.square(vector))\n",
    "    vector = vector / np.sqrt(L2)\n",
    "\n",
    "    return vector"
   ]
  },
  {
   "cell_type": "markdown",
   "id": "19aa4961",
   "metadata": {},
   "source": [
    "## Classical analysis"
   ]
  },
  {
   "cell_type": "markdown",
   "id": "6ee15050",
   "metadata": {},
   "source": [
    "### Defining model parameters and constructing the Schlogl operator"
   ]
  },
  {
   "cell_type": "code",
   "execution_count": 15,
   "id": "c9f37599",
   "metadata": {
    "scrolled": false
   },
   "outputs": [
    {
     "name": "stdout",
     "output_type": "stream",
     "text": [
      "The volume array is:\n",
      "[0.1 0.6 1.1]\n",
      "\n",
      "The volume parameter is:\n",
      "1.1\n",
      "\n",
      "The Hermitian form of the Schlogl matrix is:\n",
      "[[ 1.51250000e-01 -1.69812500e+00  1.62250000e+00  0.00000000e+00\n",
      "   0.00000000e+00  0.00000000e+00  0.00000000e+00  0.00000000e+00\n",
      "   0.00000000e+00  0.00000000e+00  0.00000000e+00  0.00000000e+00\n",
      "   0.00000000e+00  0.00000000e+00  0.00000000e+00  0.00000000e+00]\n",
      " [-1.69812500e+00  1.91787500e+01 -2.22256250e+01  3.25193182e+00\n",
      "   0.00000000e+00  0.00000000e+00  0.00000000e+00  0.00000000e+00\n",
      "   0.00000000e+00  0.00000000e+00  0.00000000e+00  0.00000000e+00\n",
      "   0.00000000e+00  0.00000000e+00  0.00000000e+00  0.00000000e+00]\n",
      " [ 1.62250000e+00 -2.22256250e+01  2.02884019e+02 -3.00606660e+02\n",
      "   1.35794962e+02  0.00000000e+00  0.00000000e+00  0.00000000e+00\n",
      "   0.00000000e+00  0.00000000e+00  0.00000000e+00  0.00000000e+00\n",
      "   0.00000000e+00  0.00000000e+00  0.00000000e+00  0.00000000e+00]\n",
      " [ 0.00000000e+00  3.25193182e+00 -3.00606660e+02  1.22687009e+03\n",
      "  -1.61807885e+03  7.40453696e+02  0.00000000e+00  0.00000000e+00\n",
      "   0.00000000e+00  0.00000000e+00  0.00000000e+00  0.00000000e+00\n",
      "   0.00000000e+00  0.00000000e+00  0.00000000e+00  0.00000000e+00]\n",
      " [ 0.00000000e+00  0.00000000e+00  1.35794962e+02 -1.61807885e+03\n",
      "   4.86612064e+03 -5.80127398e+03  2.54791183e+03  0.00000000e+00\n",
      "   0.00000000e+00  0.00000000e+00  0.00000000e+00  0.00000000e+00\n",
      "   0.00000000e+00  0.00000000e+00  0.00000000e+00  0.00000000e+00]\n",
      " [ 0.00000000e+00  0.00000000e+00  0.00000000e+00  7.40453696e+02\n",
      "  -5.80127398e+03  1.48506792e+04 -1.64008602e+04  6.84061864e+03\n",
      "   0.00000000e+00  0.00000000e+00  0.00000000e+00  0.00000000e+00\n",
      "   0.00000000e+00  0.00000000e+00  0.00000000e+00  0.00000000e+00]\n",
      " [ 0.00000000e+00  0.00000000e+00  0.00000000e+00  0.00000000e+00\n",
      "   2.54791183e+03 -1.64008602e+04  3.80754028e+04 -3.95472212e+04\n",
      "   1.56150730e+04  0.00000000e+00  0.00000000e+00  0.00000000e+00\n",
      "   0.00000000e+00  0.00000000e+00  0.00000000e+00  0.00000000e+00]\n",
      " [ 0.00000000e+00  0.00000000e+00  0.00000000e+00  0.00000000e+00\n",
      "   0.00000000e+00  6.84061864e+03 -3.95472212e+04  8.61637892e+04\n",
      "  -8.49831726e+04  3.17441074e+04  0.00000000e+00  0.00000000e+00\n",
      "   0.00000000e+00  0.00000000e+00  0.00000000e+00  0.00000000e+00]\n",
      " [ 0.00000000e+00  0.00000000e+00  0.00000000e+00  0.00000000e+00\n",
      "   0.00000000e+00  0.00000000e+00  1.56150730e+04 -8.49831726e+04\n",
      "   1.77385879e+05 -1.67273715e+05  5.91391719e+04  0.00000000e+00\n",
      "   0.00000000e+00  0.00000000e+00  0.00000000e+00  0.00000000e+00]\n",
      " [ 0.00000000e+00  0.00000000e+00  0.00000000e+00  0.00000000e+00\n",
      "   0.00000000e+00  0.00000000e+00  0.00000000e+00  3.17441074e+04\n",
      "  -1.67273715e+05  3.38930231e+05 -3.07192827e+05  1.02912618e+05\n",
      "   0.00000000e+00  0.00000000e+00  0.00000000e+00  0.00000000e+00]\n",
      " [ 0.00000000e+00  0.00000000e+00  0.00000000e+00  0.00000000e+00\n",
      "   0.00000000e+00  0.00000000e+00  0.00000000e+00  0.00000000e+00\n",
      "   5.91391719e+04 -3.07192827e+05  6.09529974e+05 -5.33287287e+05\n",
      "   1.69539983e+05  0.00000000e+00  0.00000000e+00  0.00000000e+00]\n",
      " [ 0.00000000e+00  0.00000000e+00  0.00000000e+00  0.00000000e+00\n",
      "   0.00000000e+00  0.00000000e+00  0.00000000e+00  0.00000000e+00\n",
      "   0.00000000e+00  1.02912618e+05 -5.33287287e+05  1.04244293e+06\n",
      "  -8.83617544e+05  2.67022274e+05  0.00000000e+00  0.00000000e+00]\n",
      " [ 0.00000000e+00  0.00000000e+00  0.00000000e+00  0.00000000e+00\n",
      "   0.00000000e+00  0.00000000e+00  0.00000000e+00  0.00000000e+00\n",
      "   0.00000000e+00  0.00000000e+00  1.69539983e+05 -8.83617544e+05\n",
      "   1.70878581e+06 -1.40767562e+06  4.05048250e+05  0.00000000e+00]\n",
      " [ 0.00000000e+00  0.00000000e+00  0.00000000e+00  0.00000000e+00\n",
      "   0.00000000e+00  0.00000000e+00  0.00000000e+00  0.00000000e+00\n",
      "   0.00000000e+00  0.00000000e+00  0.00000000e+00  2.67022274e+05\n",
      "  -1.40767562e+06  2.70122249e+06 -2.16848003e+06  5.95156710e+05]\n",
      " [ 0.00000000e+00  0.00000000e+00  0.00000000e+00  0.00000000e+00\n",
      "   0.00000000e+00  0.00000000e+00  0.00000000e+00  0.00000000e+00\n",
      "   0.00000000e+00  0.00000000e+00  0.00000000e+00  0.00000000e+00\n",
      "   4.05048250e+05 -2.16848003e+06  4.13800636e+06 -2.96027274e+06]\n",
      " [ 0.00000000e+00  0.00000000e+00  0.00000000e+00  0.00000000e+00\n",
      "   0.00000000e+00  0.00000000e+00  0.00000000e+00  0.00000000e+00\n",
      "   0.00000000e+00  0.00000000e+00  0.00000000e+00  0.00000000e+00\n",
      "   0.00000000e+00  5.95156710e+05 -2.96027274e+06  3.90863470e+06]]\n",
      "\n",
      "The unitary matrix is:\n",
      "[[ 9.94198210e-01+2.80341115e-03j  5.83588392e-02-3.14761426e-02j\n",
      "   3.77515919e-02+9.79301712e-03j  3.83461538e-02+1.40728231e-02j\n",
      "   3.54731491e-02+1.59333918e-02j  3.01748580e-02+1.54040852e-02j\n",
      "   2.33686670e-02+1.30272252e-02j  1.64348343e-02+9.80122940e-03j\n",
      "   1.05345909e-02+6.65567470e-03j  6.19850078e-03+4.13522174e-03j\n",
      "   3.37909214e-03+2.38290607e-03j  1.72544320e-03+1.29132010e-03j\n",
      "   8.35216654e-04+6.66878225e-04j  3.87422455e-04+3.31264032e-04j\n",
      "   1.72566420e-04+1.57664466e-04j  7.17046241e-05+6.89717019e-05j]\n",
      " [ 5.83588392e-02-3.14761426e-02j  4.11814405e-01+3.52622621e-01j\n",
      "  -3.65418387e-01-1.08947687e-01j -3.82670277e-01-1.44707579e-01j\n",
      "  -3.48387099e-01-1.65106610e-01j -2.92362244e-01-1.62140554e-01j\n",
      "  -2.24320705e-01-1.39034830e-01j -1.56705519e-01-1.05840268e-01j\n",
      "  -9.99031130e-02-7.26257139e-02j -5.84915628e-02-4.55691998e-02j\n",
      "  -3.17260406e-02-2.65174704e-02j -1.61106498e-02-1.45153015e-02j\n",
      "  -7.74956184e-03-7.57403498e-03j -3.56938612e-03-3.80094948e-03j\n",
      "  -1.57830050e-03-1.82578256e-03j -6.51867971e-04-8.04075261e-04j]\n",
      " [ 3.77515919e-02+9.79301712e-03j -3.65418387e-01-1.08947687e-01j\n",
      "   3.93805426e-01+2.69814584e-01j  1.08634299e-01-2.49005434e-01j\n",
      "  -2.54106444e-01-2.22599326e-01j -3.83116004e-01-8.71867409e-02j\n",
      "  -3.56142933e-01+3.25835978e-02j -2.64544462e-01+9.94389065e-02j\n",
      "  -1.68896910e-01+1.16525214e-01j -9.55125103e-02+1.02912215e-01j\n",
      "  -4.85280830e-02+7.75675986e-02j -2.22850202e-02+5.25229849e-02j\n",
      "  -9.24298612e-03+3.28259582e-02j -3.43330079e-03+1.91585610e-02j\n",
      "  -1.12392940e-03+1.03599953e-02j -3.26384341e-04+4.93178799e-03j]\n",
      " [ 3.83461538e-02+1.40728231e-02j -3.82670277e-01-1.44707579e-01j\n",
      "   1.08634299e-01-2.49005434e-01j -3.82699320e-01+2.22191693e-01j\n",
      "  -3.27958035e-02+1.67445997e-01j  5.98732527e-02+7.93313395e-02j\n",
      "  -2.11438152e-02-5.97145771e-02j -1.67480509e-01-1.94478022e-01j\n",
      "  -2.53464350e-01-2.67913471e-01j -2.57805426e-01-2.68749705e-01j\n",
      "  -2.12738340e-01-2.23175556e-01j -1.53411566e-01-1.62750589e-01j\n",
      "  -1.00341778e-01-1.07648890e-01j -6.05224068e-02-6.55483149e-02j\n",
      "  -3.34822336e-02-3.65223054e-02j -1.61578216e-02-1.77033533e-02j]\n",
      " [ 3.54731491e-02+1.59333918e-02j -3.48387099e-01-1.65106610e-01j\n",
      "  -2.54106444e-01-2.22599326e-01j -3.27958035e-02+1.67445997e-01j\n",
      "  -7.20184315e-02+2.72254564e-01j -1.05828170e-01-2.99523265e-02j\n",
      "  -2.85411837e-01-2.74292620e-01j -6.76608412e-02-2.48899059e-01j\n",
      "   1.72029172e-01-3.63680356e-02j  2.71348187e-01+1.43127210e-01j\n",
      "   2.61129667e-01+2.14592164e-01j  2.03588619e-01+2.03474195e-01j\n",
      "   1.39676316e-01+1.55967334e-01j  8.69834914e-02+1.03899355e-01j\n",
      "   4.91640357e-02+6.11765985e-02j  2.40277764e-02+3.05733929e-02j]\n",
      " [ 3.01748580e-02+1.54040852e-02j -2.92362244e-01-1.62140554e-01j\n",
      "  -3.83116004e-01-8.71867409e-02j  5.98732527e-02+7.93313395e-02j\n",
      "  -1.05828170e-01-2.99523265e-02j -4.88565674e-01-2.04211069e-01j\n",
      "   3.41309488e-01-1.16455802e-03j  2.54408060e-01+3.37998380e-01j\n",
      "   3.19351905e-02+1.78677609e-01j -8.24814359e-03-6.05197454e-02j\n",
      "   7.36259227e-03-1.78165261e-01j  1.39577765e-02-1.84906348e-01j\n",
      "   9.78655113e-03-1.41806051e-01j  4.02641773e-03-9.17916759e-02j\n",
      "   7.14176429e-04-5.21892919e-02j -2.54793065e-04-2.53900934e-02j]\n",
      " [ 2.33686670e-02+1.30272252e-02j -2.24320705e-01-1.39034830e-01j\n",
      "  -3.56142933e-01+3.25835978e-02j -2.11438152e-02-5.97145771e-02j\n",
      "  -2.85411837e-01-2.74292620e-01j  3.41309488e-01-1.16455802e-03j\n",
      "  -2.23681050e-01+4.88021850e-01j  1.16795808e-01-1.27767778e-01j\n",
      "   3.23160754e-01-2.68692735e-02j  2.56964188e-03+8.43694353e-02j\n",
      "  -1.85371608e-01+6.47434635e-02j -1.77123947e-01-1.87210208e-03j\n",
      "  -1.02199648e-01-5.25991812e-02j -4.03470572e-02-6.86945159e-02j\n",
      "  -9.07225043e-03-5.76039905e-02j  4.52967329e-04-3.46078373e-02j]\n",
      " [ 1.64348343e-02+9.80122940e-03j -1.56705519e-01-1.05840268e-01j\n",
      "  -2.64544462e-01+9.94389065e-02j -1.67480509e-01-1.94478022e-01j\n",
      "  -6.76608412e-02-2.48899059e-01j  2.54408060e-01+3.37998380e-01j\n",
      "   1.16795808e-01-1.27767778e-01j -3.80708813e-03+3.29162346e-01j\n",
      "  -4.09223576e-01-8.29492736e-02j  1.52454404e-01-9.60265027e-02j\n",
      "   2.41006445e-01+3.58596723e-02j  5.62734866e-02+1.22620574e-01j\n",
      "  -9.90373820e-02+1.70404918e-01j -1.52824418e-01+1.81449218e-01j\n",
      "  -1.32597672e-01+1.49743684e-01j -8.05675317e-02+9.11381738e-02j]\n",
      " [ 1.05345909e-02+6.65567470e-03j -9.99031130e-02-7.26257139e-02j\n",
      "  -1.68896910e-01+1.16525214e-01j -2.53464350e-01-2.67913471e-01j\n",
      "   1.72029172e-01-3.63680356e-02j  3.19351905e-02+1.78677609e-01j\n",
      "   3.23160754e-01-2.68692735e-02j -4.09223576e-01-8.29492736e-02j\n",
      "   2.63235491e-01+2.68601906e-01j -3.62252079e-01+3.74880011e-02j\n",
      "  -9.55355246e-02-3.06585048e-02j  1.72315758e-01+1.09405441e-01j\n",
      "   2.14200290e-01+1.36786856e-01j  1.83218851e-01+2.05399174e-02j\n",
      "   1.41022085e-01-7.40401335e-02j  8.61429989e-02-7.69911135e-02j]\n",
      " [ 6.19850078e-03+4.13522174e-03j -5.84915628e-02-4.55691998e-02j\n",
      "  -9.55125103e-02+1.02912215e-01j -2.57805426e-01-2.68749705e-01j\n",
      "   2.71348187e-01+1.43127210e-01j -8.24814359e-03-6.05197454e-02j\n",
      "   2.56964188e-03+8.43694353e-02j  1.52454404e-01-9.60265027e-02j\n",
      "  -3.62252079e-01+3.74880011e-02j  2.51869338e-01+2.70655248e-01j\n",
      "  -2.26825054e-01+2.53055553e-01j -1.50443199e-01-1.06466448e-01j\n",
      "   1.87413241e-01-3.15681346e-01j  2.62298037e-01-1.08680910e-01j\n",
      "   1.30405078e-01+1.34952708e-01j  2.97413318e-02+1.68336229e-01j]\n",
      " [ 3.37909214e-03+2.38290607e-03j -3.17260406e-02-2.65174704e-02j\n",
      "  -4.85280830e-02+7.75675986e-02j -2.12738340e-01-2.23175556e-01j\n",
      "   2.61129667e-01+2.14592164e-01j  7.36259227e-03-1.78165261e-01j\n",
      "  -1.85371608e-01+6.47434635e-02j  2.41006445e-01+3.58596723e-02j\n",
      "  -9.55355246e-02-3.06585048e-02j -2.26825054e-01+2.53055553e-01j\n",
      "   2.60733790e-01+5.61903299e-03j  8.05865555e-02-1.33448644e-01j\n",
      "  -2.82305556e-01+1.89371990e-01j -2.72490146e-01+2.61700953e-02j\n",
      "   6.20511531e-02-3.08865918e-01j  1.88065587e-01-3.28474348e-01j]\n",
      " [ 1.72544320e-03+1.29132010e-03j -1.61106498e-02-1.45153015e-02j\n",
      "  -2.22850202e-02+5.25229849e-02j -1.53411566e-01-1.62750589e-01j\n",
      "   2.03588619e-01+2.03474195e-01j  1.39577765e-02-1.84906348e-01j\n",
      "  -1.77123947e-01-1.87210208e-03j  5.62734866e-02+1.22620574e-01j\n",
      "   1.72315758e-01+1.09405441e-01j -1.50443199e-01-1.06466448e-01j\n",
      "   8.05865555e-02-1.33448644e-01j -2.64719940e-02+4.01671762e-01j\n",
      "  -1.25845650e-01-1.18198921e-01j  2.28134077e-02-2.67496447e-01j\n",
      "  -3.75465456e-01+9.87325823e-02j -4.76316650e-01+1.94873467e-01j]\n",
